-76.60947778
39.32478056
-76.6108
39.3941
0
0
0
0
0
0
0
0
279
298
293
333
330
336
0
0
0
332
333
332
330
327
0
331
0
0
0
0
0
0
0
0
0
0
0
0
0
0
0
0
0
0
0
0
0
0
0
0
0
0
0
0
0
0
0
0
0
0
0
0
0
0
0
0
0
0
0
0
0
0
0
0
0
0
0
0
0
0
0
0
0
0
0
0
0
0
0
0
0
0
0
0
0
0
0
0
0
0
0
0
0
0
0
0
0
0
0
0
0
0
0
0
0
0
0
0
0
0
0
0
0
0
0
0
0
0
336
336
336
336
336
336
336
337
337
339
339
336
337
337
339
339
339
339
339
339
339
0
0
0
333
336
336
337
336
339
337
0
339
0
0
0
0
0
0
0
0
0
0
0
0
0
0
0
0
0
0
0
339
0
339
293
297
295
0
0
0
0
0
0
0
0
0
0
0
0
0
0
0
0
0
0
0
0
0
0
0
0
0
0
0
0
0
0
0
0
0
297
0
0
0
0
0
0
0
0
0
0
0
0
0
0
0
0
0
0
0
0
0
0
0
0
303
302
302
303
306
306
311
311
311
311
313
313
313
313
313
313
313
313
313
313
313
313
314
314
314
318
324
325
324
327
329
329
329
329
329
330
293
292
289
288
279
267
284
274
261
274
267
274
288
289
293
292
292
265
264
0
0
0
0
0
0
0
0
267
277
285
293
0
0
0
0
0
0
0
294
275
279
285
289
292
298
290
279
289
292
288
289
289
281
287
289
292
289
293
289
288
289
290
302
303
267
0
0
264
329
329
329
327
327
327
327
324
324
324
318
318
318
319
315
314
314
314
313
313
313
313
313
313
313
313
313
329
331
330
0
0
0
0
0
0
0
0
0
0
0
0
0
330
0
339
339
339
339
339
339
339
339
339
71
312
0
0
0
0
0
0
0
339
332
0
0
0
0
315
318
321
322
321
319
318
321
322
324
322
322
321
321
324
321
321
322
322
322
0
0
0
0
0
0
0
0
0
0
0
0
0
0
0
0
0
0
0
0
0
0
0
0
0
0
0
0
0
0
0
0
0
0
0
0
0
0
0
0
0
0
0
0
0
0
0
0
0
0
0
0
0
0
0
0
0
0
0
0
0
0
0
0
0
0
0
0
0
330
331
0
0
0
0
0
329
329
329
330
329
330
331
330
332
332
330
336
315
315
318
321
322
321
324
322
321
321
324
0
311
0
0
0
0
0
0
0
0
0
0
0
0
0
0
0
0
0
0
0
308
0
0
0
0
0
0
0
0
0
0
0
0
0
0
0
0
0
288
0
0
0
0
0
321
0
0
0
0
0
0
0
0
0
0
0
0
Cameras saw 
359
 / 1000 crimes
