-76.60947778
39.32478056
-76.6108
39.3941
0
0
0
0
0
0
0
0
18
15
16
16
13
17
0
0
0
15
16
15
13
14
0
13
0
0
0
0
0
0
0
0
0
0
0
0
0
0
0
0
0
0
0
0
0
0
0
0
0
0
0
0
0
0
0
0
0
0
0
0
0
0
0
0
0
0
0
0
0
0
0
0
0
0
0
0
0
0
0
0
0
0
0
0
0
0
0
0
0
0
0
0
0
0
0
0
0
0
0
0
0
0
0
0
0
0
0
0
0
0
0
0
0
0
0
0
0
0
0
0
0
0
0
0
0
0
18
17
17
17
17
17
17
20
19
16
12
19
17
19
14
11
4
11
12
7
4
0
0
0
16
18
18
20
18
17
20
0
4
0
0
0
0
0
0
0
0
0
0
0
0
0
0
0
0
0
0
0
14
0
3
9
15
11
0
0
0
0
0
0
0
0
0
0
0
0
0
0
0
0
0
0
0
0
0
0
0
0
0
0
0
0
0
0
0
0
0
12
0
0
0
0
0
0
0
0
0
0
0
0
0
0
0
0
0
0
0
0
0
0
0
0
11
11
11
9
13
13
14
17
17
17
19
18
19
19
23
23
23
23
24
25
25
25
26
26
26
22
20
16
19
16
14
14
12
9
13
13
16
16
15
16
18
14
18
13
9
13
17
13
16
16
15
16
16
18
16
0
0
0
0
0
0
0
0
17
17
17
16
0
0
0
0
0
0
0
9
13
19
17
15
16
16
16
18
17
16
16
17
15
18
18
15
16
16
16
16
16
16
16
12
12
16
0
0
18
13
12
12
15
15
16
16
19
19
19
22
22
22
22
22
26
26
26
25
25
25
21
21
21
21
19
19
13
13
13
0
0
0
0
0
0
0
0
0
0
0
0
0
13
0
14
14
10
14
6
10
10
11
5
0
3
0
0
0
0
0
0
0
10
3
0
0
0
0
22
22
22
20
21
22
22
22
19
19
19
19
22
22
19
21
21
20
19
19
0
0
0
0
0
0
0
0
0
0
0
0
0
0
0
0
0
0
0
0
0
0
0
0
0
0
0
0
0
0
0
0
0
0
0
0
0
0
0
0
0
0
0
0
0
0
0
0
0
0
0
0
0
0
0
0
0
0
0
0
0
0
0
0
0
0
0
0
0
13
13
0
0
0
0
0
9
13
12
14
13
13
13
14
15
17
13
18
22
22
22
22
19
22
19
19
22
22
19
0
14
0
0
0
0
0
0
0
0
0
0
0
0
0
0
0
0
0
0
0
17
0
0
0
0
0
0
0
0
0
0
0
0
0
0
0
0
0
16
0
0
0
0
0
22
0
0
0
0
0
0
0
0
0
0
0
0
